50
439
25 22 7
25 2 17
25 26 17
25 32 15
25 5 7
25 18 2
25 1 20
3 4 10
3 10 10
3 24 4
3 30 12
3 33 7
3 46 17
3 47 19
6 17 14
6 15 19
6 24 12
6 47 15
6 49 16
6 14 17
6 7 12
6 48 15
6 33 19
6 21 6
6 0 14
6 13 4
6 41 16
37 2 14
37 49 15
37 43 6
37 5 9
37 26 12
38 40 11
38 18 3
38 31 14
38 42 4
38 9 1
38 24 6
38 32 16
45 21 19
45 41 7
45 1 13
45 22 3
45 46 20
45 11 12
45 6 14
45 31 8
45 0 19
45 3 11
45 43 18
45 36 8
13 20 13
13 19 6
13 21 5
13 29 3
13 37 12
13 28 14
13 36 11
13 32 8
13 47 9
13 35 16
13 0 7
13 12 2
13 41 3
36 23 14
36 3 12
36 8 10
36 18 12
36 12 10
36 17 10
36 29 7
36 24 14
36 14 6
36 38 8
36 1 4
36 7 19
36 28 5
43 36 20
43 46 15
43 17 9
43 40 16
43 16 15
43 48 7
43 39 5
43 8 7
43 41 11
43 47 20
43 49 4
43 28 2
9 41 11
9 45 18
9 10 8
9 0 8
9 34 20
9 23 13
9 21 19
9 32 12
9 1 6
9 24 10
9 5 2
9 14 13
9 4 20
9 40 20
27 45 2
27 23 4
27 12 10
27 2 20
27 29 3
27 43 17
27 10 20
27 7 16
27 47 12
27 36 18
27 46 15
27 19 17
27 0 8
24 14 4
24 44 5
24 2 17
24 20 13
24 1 6
24 8 3
18 0 8
18 12 18
18 20 5
18 3 12
18 8 13
18 48 19
18 30 11
19 14 19
19 26 13
19 43 7
19 47 10
19 15 6
19 29 10
19 48 17
19 1 11
19 38 15
19 17 14
19 23 9
5 10 11
5 33 3
5 24 18
5 22 4
5 7 5
8 34 2
8 37 15
8 49 5
8 30 11
8 11 18
8 32 19
12 44 4
12 0 12
12 5 6
12 19 2
12 32 12
12 39 4
12 7 9
12 41 4
12 17 13
12 22 7
12 1 1
12 49 17
12 4 13
39 2 9
39 22 19
39 28 16
39 16 7
39 1 14
39 26 1
39 3 9
39 18 13
39 42 2
39 35 17
39 32 5
39 27 7
34 21 5
34 45 18
34 10 19
34 2 11
33 23 19
33 9 5
33 20 9
33 29 16
33 38 11
33 42 9
33 15 2
15 10 5
15 45 12
15 43 14
15 35 5
31 28 16
31 20 8
31 9 7
31 10 11
31 15 11
4 30 18
4 24 11
4 2 17
4 1 16
4 46 14
46 16 2
46 33 18
46 26 13
46 38 18
46 19 7
11 31 14
11 13 14
11 24 14
11 10 18
11 7 13
29 28 6
29 38 17
29 8 6
29 45 20
1 20 11
1 49 3
1 43 13
1 14 9
1 37 11
1 11 6
1 46 20
1 44 18
1 17 6
1 22 6
1 0 12
1 13 11
14 12 12
14 21 11
14 44 1
14 18 3
30 42 17
30 43 16
30 38 14
30 13 13
30 16 6
30 29 8
30 10 13
30 14 20
30 28 6
23 7 15
23 10 5
23 13 3
23 11 6
23 44 15
23 38 13
23 42 10
23 35 8
23 1 14
23 47 16
0 3 13
0 20 5
0 26 1
0 38 11
0 32 9
0 29 5
0 40 18
0 43 19
0 42 12
0 16 7
0 47 6
32 44 7
32 35 4
32 11 2
32 23 9
32 41 6
32 2 15
32 31 17
32 30 3
32 10 7
32 45 19
32 22 7
22 28 10
22 21 7
22 37 13
22 35 11
22 24 2
22 48 15
22 31 17
22 6 16
22 13 11
28 7 12
28 15 6
28 35 2
28 18 20
28 12 18
28 16 13
28 8 8
28 1 6
28 0 9
28 11 14
28 26 5
42 8 4
42 17 17
42 28 16
42 40 7
42 11 9
42 31 5
42 41 16
42 15 17
42 35 5
42 12 18
42 44 9
42 13 15
42 22 6
42 16 17
47 45 5
47 22 4
47 21 14
47 38 4
47 1 19
47 32 14
47 29 18
47 49 15
47 4 18
47 12 19
47 16 19
47 46 19
10 13 18
10 45 13
10 7 15
10 8 2
10 48 10
10 22 1
10 4 5
10 19 3
10 37 12
10 0 5
26 36 15
26 44 2
26 24 9
26 14 8
26 16 1
26 49 12
26 30 17
26 47 19
26 13 19
26 32 20
20 38 15
20 9 14
20 36 11
20 22 16
20 23 6
20 44 19
20 42 1
20 49 5
20 35 14
20 7 11
49 21 15
49 46 9
49 35 3
49 0 3
49 17 2
49 24 13
49 18 16
49 7 2
49 15 6
49 5 18
49 22 16
7 13 4
7 47 18
7 39 11
7 48 5
7 8 5
7 3 7
7 24 14
7 45 1
7 46 16
7 15 4
48 42 16
48 40 13
48 5 11
48 4 9
48 1 20
48 32 15
48 17 13
41 23 8
41 26 14
41 33 8
41 10 18
41 16 2
41 0 16
41 3 8
41 7 1
41 40 16
41 24 18
16 33 10
16 11 13
16 17 3
16 38 4
16 34 18
16 10 18
16 32 10
16 23 5
16 37 6
16 12 17
16 7 4
21 37 3
21 5 4
21 41 4
21 20 12
21 15 9
21 31 9
21 28 15
35 36 3
35 38 10
35 43 13
35 4 19
35 47 12
35 44 2
35 27 20
35 14 11
35 40 11
35 8 6
35 31 11
17 33 9
17 40 16
17 46 9
17 3 7
17 4 4
17 32 2
17 23 6
40 13 11
40 6 2
40 12 19
40 31 1
2 19 11
2 38 10
2 9 10
2 18 4
2 17 12
2 0 16
2 47 12
2 22 3
2 10 19
2 13 11
2 11 12
2 26 5
2 23 15
