50
457
10 38 3
10 4 2
10 40 10
10 22 4
10 0 11
10 15 19
10 1 8
10 17 1
12 11 16
12 38 20
12 49 12
12 32 8
12 25 7
12 15 11
12 5 15
12 29 10
12 34 11
12 7 16
28 22 17
28 2 15
28 31 11
28 37 2
28 35 14
28 13 4
1 45 17
1 46 1
1 15 19
1 11 12
1 14 9
1 31 19
1 24 14
1 23 8
1 6 18
1 4 16
1 29 20
1 36 19
1 38 2
1 20 16
42 11 15
42 18 12
42 29 14
42 24 10
42 20 2
42 2 15
42 22 12
42 32 14
42 27 12
42 9 9
14 8 8
14 0 16
14 4 11
14 15 10
14 41 19
14 5 4
14 49 20
14 31 2
14 35 17
14 39 12
14 6 13
14 30 12
14 19 17
17 41 8
17 26 14
17 8 17
17 7 8
17 3 3
17 2 10
17 21 7
17 6 9
17 16 3
33 43 4
33 20 20
33 12 16
33 6 10
33 13 3
33 28 14
33 2 1
33 30 14
33 14 7
22 39 20
22 27 14
22 13 11
22 38 16
27 7 3
27 34 12
27 32 2
27 18 13
30 19 9
30 2 12
30 39 16
30 42 12
30 6 19
30 5 3
30 26 2
30 46 6
30 8 11
30 23 8
30 28 19
30 0 3
13 0 5
13 40 1
13 45 3
13 41 7
13 32 20
13 19 13
13 48 20
13 37 13
13 35 14
13 6 9
0 17 8
0 44 8
0 23 6
0 1 17
0 41 3
0 36 5
0 43 10
0 8 12
0 16 4
0 38 16
0 46 13
0 4 15
0 11 18
5 23 7
5 7 16
5 9 16
5 42 9
5 44 20
5 35 4
5 20 10
5 43 17
5 40 10
5 18 3
5 29 19
5 0 17
5 41 6
5 11 12
35 17 6
35 47 19
35 8 10
35 43 10
35 49 4
35 18 8
8 37 10
8 40 11
8 29 10
8 47 4
8 7 14
8 24 7
8 16 7
8 20 4
38 47 17
38 31 14
38 15 6
38 33 7
38 24 18
38 13 13
38 2 9
38 7 13
38 26 8
38 44 15
38 17 6
38 43 18
38 5 9
38 14 8
40 27 20
40 11 13
40 35 10
40 3 3
40 28 4
40 38 3
40 37 9
40 30 15
40 0 6
15 34 4
15 28 3
15 23 8
15 27 13
15 19 7
15 46 8
15 29 9
15 47 16
44 20 18
44 32 18
44 41 12
44 15 15
44 23 19
44 46 9
44 13 19
24 3 2
24 29 2
24 25 3
24 2 11
24 35 14
24 19 14
24 34 4
24 6 16
4 2 17
4 39 2
4 17 12
4 16 12
4 3 16
4 49 9
4 31 9
4 9 13
37 30 15
37 11 2
37 39 19
37 3 10
37 21 13
37 47 5
37 0 13
37 45 14
37 16 7
37 14 4
37 31 12
37 4 10
6 34 17
6 37 17
6 39 2
6 12 11
6 36 5
6 18 15
6 42 17
6 8 11
6 48 14
6 41 13
6 2 10
6 27 14
3 41 2
3 14 3
3 36 13
3 42 13
3 16 4
3 15 16
25 19 2
25 7 17
25 28 20
25 3 10
25 39 9
25 23 7
25 42 20
25 17 10
25 32 8
25 35 9
25 30 16
25 37 8
20 24 16
20 18 15
20 35 1
20 6 13
20 21 8
20 12 6
20 32 13
41 28 18
41 8 9
41 22 3
41 29 13
41 46 8
41 32 7
41 27 13
41 48 1
41 40 2
31 40 5
31 47 2
31 34 16
31 6 8
31 20 2
31 15 5
31 18 6
46 21 2
46 16 14
46 29 17
46 8 10
46 23 8
46 35 17
46 33 10
21 12 17
21 36 16
21 5 13
21 2 4
21 1 15
34 13 3
34 44 7
34 19 11
34 21 15
34 37 17
34 1 2
34 38 12
34 30 6
34 20 20
9 38 13
9 34 13
9 15 10
9 11 2
9 31 11
9 35 16
9 28 11
9 44 19
2 19 7
2 32 9
2 1 12
2 12 16
2 27 16
2 14 6
2 34 11
36 16 15
36 28 20
36 27 9
36 41 11
36 30 5
36 37 14
36 29 9
36 13 10
36 15 17
36 32 3
18 38 10
18 25 12
18 29 4
18 0 17
18 3 17
18 46 6
18 30 5
18 9 13
18 39 13
18 16 14
18 32 10
18 14 2
39 13 17
39 27 19
39 17 19
39 44 4
39 9 4
39 15 11
39 8 14
39 0 9
19 17 12
19 45 2
19 42 6
19 35 6
19 36 4
19 27 6
19 18 7
19 22 5
19 21 15
19 38 6
19 3 7
48 34 12
48 32 18
48 31 16
48 46 12
48 16 17
48 21 4
48 3 18
48 39 15
48 35 12
29 43 20
29 45 19
29 48 11
29 34 19
29 14 14
29 37 17
29 4 5
45 21 2
45 47 8
45 24 16
45 25 9
45 22 19
45 42 7
45 2 9
45 32 8
45 20 15
45 46 14
45 43 20
45 27 19
45 48 19
47 36 1
47 2 19
47 42 13
47 11 19
47 19 10
47 49 19
47 40 18
47 34 15
47 24 17
47 33 5
47 7 20
47 1 3
16 35 20
16 25 6
16 22 14
16 24 3
16 34 8
16 45 7
16 30 8
23 2 14
23 7 16
23 21 13
23 47 19
23 14 11
23 38 16
23 3 8
23 20 6
23 49 2
11 24 19
11 21 15
11 27 5
11 6 6
11 32 16
11 28 18
43 41 18
43 24 9
43 42 17
43 17 5
43 39 16
43 44 16
43 32 11
43 3 18
43 13 19
43 12 19
43 8 11
43 28 19
32 30 10
32 34 9
32 17 10
32 1 18
32 40 11
32 49 12
32 6 4
32 15 17
32 35 9
32 33 15
32 21 16
32 22 10
32 46 11
32 28 19
26 11 7
26 1 20
26 14 2
26 47 9
26 19 14
26 35 9
26 39 3
26 23 19
26 16 13
26 27 7
26 5 4
26 2 10
26 12 8
26 9 10
49 18 13
49 8 8
49 7 16
49 22 10
49 33 4
49 39 3
49 21 14
49 20 5
