50
448
47 49 13
47 38 9
47 26 9
47 45 3
47 5 8
47 15 13
47 2 5
47 28 5
47 8 18
47 37 10
47 35 5
47 12 5
47 20 20
47 33 11
9 35 15
9 29 8
9 12 17
9 28 8
9 7 19
9 5 2
31 15 8
31 45 7
31 27 11
31 33 18
31 44 2
31 18 6
31 25 9
31 7 18
31 41 19
31 32 14
31 21 7
37 30 14
37 18 16
37 13 13
37 49 8
37 38 15
37 9 5
37 31 9
37 3 11
37 15 19
37 29 9
37 32 16
37 17 7
6 25 7
6 14 17
6 48 3
6 24 10
1 31 8
1 32 17
1 8 20
1 46 7
1 27 15
1 41 9
1 28 14
1 10 11
22 19 14
22 38 16
22 43 16
22 49 17
22 28 9
22 6 18
15 3 20
15 12 17
15 20 17
15 42 20
36 35 6
36 42 4
36 7 2
36 37 4
36 29 9
36 28 19
25 13 14
25 39 7
25 42 20
25 24 12
25 36 1
25 2 19
25 37 6
25 21 4
25 9 7
25 35 6
25 33 3
3 27 14
3 10 11
3 48 18
3 8 8
3 33 9
3 11 3
3 19 5
3 13 19
3 39 10
14 25 16
14 40 3
14 29 2
14 3 7
14 2 12
14 27 5
14 9 16
14 11 14
14 32 16
14 0 19
14 15 3
14 18 11
5 23 3
5 25 1
5 33 12
5 17 13
5 49 20
5 40 19
5 10 6
5 16 8
5 21 3
5 26 6
5 2 8
5 46 3
43 30 5
43 5 5
43 19 6
43 36 7
43 24 6
43 44 20
43 4 4
43 8 20
43 26 17
43 17 12
43 20 13
43 31 15
43 37 14
24 0 4
24 38 18
24 17 14
24 14 2
12 46 19
12 40 19
12 20 4
12 30 16
12 5 14
12 35 15
12 6 6
12 22 3
12 38 14
4 15 2
4 23 14
4 40 5
4 13 17
4 20 11
4 22 6
4 49 20
4 6 2
4 0 13
4 45 8
4 17 14
4 24 2
4 10 14
4 35 3
34 0 5
34 16 17
34 15 14
34 8 3
34 27 2
34 35 2
34 43 6
34 20 16
34 6 15
34 3 16
34 10 17
34 24 12
2 44 7
2 36 9
2 49 17
2 31 11
2 8 20
2 33 12
2 13 11
40 16 12
40 20 2
40 1 7
40 3 18
40 25 13
40 23 18
40 39 19
38 49 16
38 4 14
38 0 5
38 45 14
38 10 11
28 37 14
28 23 3
28 38 14
28 12 7
28 35 14
28 48 10
28 45 19
18 41 14
18 13 19
18 4 7
18 7 14
18 45 5
18 20 3
18 22 13
18 26 6
18 28 5
49 0 15
49 1 19
49 21 4
49 40 2
49 17 2
49 9 11
49 7 2
49 35 7
49 18 12
49 39 2
49 31 10
49 44 4
49 12 3
49 20 5
20 24 19
20 2 4
20 48 15
20 39 1
20 27 2
20 17 10
20 23 3
20 10 15
20 13 15
20 32 4
20 45 6
48 15 7
48 23 1
48 42 10
48 31 5
48 13 14
48 32 17
48 1 12
48 19 9
48 26 13
48 27 9
48 36 16
48 9 10
48 7 14
19 12 3
19 40 7
19 31 14
19 13 14
19 1 6
19 29 8
19 18 4
19 45 5
19 27 18
19 36 19
19 17 10
7 12 1
7 26 19
7 16 8
7 19 16
45 3 7
45 27 20
45 11 19
45 29 12
45 15 19
45 10 2
45 48 16
16 9 9
16 18 2
16 41 16
16 6 2
16 12 14
16 45 7
16 29 9
16 28 13
16 49 6
16 4 12
16 27 9
16 37 10
16 26 3
16 30 12
0 41 10
0 37 10
0 42 17
0 29 19
0 19 14
0 22 4
0 26 7
0 48 7
30 23 20
30 6 6
30 33 9
30 21 4
30 7 18
30 32 2
30 49 7
46 41 4
46 13 17
46 33 8
46 45 12
46 3 3
46 23 18
46 9 11
46 28 2
46 30 19
46 36 3
27 7 14
27 35 16
27 28 4
27 38 19
27 17 17
27 32 2
27 9 8
27 21 19
32 7 20
32 15 16
32 25 4
32 29 13
32 3 2
32 16 10
32 40 15
32 12 19
32 43 15
32 0 14
32 42 6
32 13 18
23 18 9
23 19 9
23 2 9
23 3 7
23 15 14
23 14 20
23 21 7
17 39 16
17 38 8
17 0 4
17 42 3
17 12 3
39 5 9
39 21 18
39 2 7
39 14 10
39 24 19
39 12 18
39 8 11
39 0 18
39 45 17
39 26 7
39 44 3
39 6 4
39 30 12
11 2 4
11 30 19
11 22 9
11 35 12
11 44 2
11 4 7
11 31 13
11 17 12
11 29 16
11 24 4
29 30 9
29 44 8
29 12 13
29 34 1
29 3 10
29 4 13
29 40 9
21 38 12
21 46 7
21 12 11
21 7 5
21 37 13
21 3 14
21 10 5
21 9 12
21 17 13
8 19 8
8 44 19
8 13 12
8 38 8
8 37 17
8 48 8
8 14 6
8 5 8
8 16 14
8 32 17
35 42 18
35 32 8
35 16 19
35 7 5
35 20 13
35 10 17
35 24 12
35 45 9
35 26 11
35 8 19
35 0 17
35 2 18
35 44 18
35 6 4
33 20 7
33 17 3
33 45 19
33 28 10
33 36 11
33 39 4
33 48 11
33 42 19
33 14 5
33 38 14
33 49 11
26 11 12
26 19 18
26 32 4
26 24 4
26 30 4
26 2 10
26 1 7
26 23 8
26 8 18
26 42 3
26 9 19
26 40 5
10 42 7
10 48 15
10 7 17
10 13 2
41 42 20
41 45 17
41 4 18
41 25 5
41 15 2
41 29 7
41 43 7
44 7 7
44 5 11
44 34 10
44 10 14
44 19 8
44 33 16
44 30 13
44 40 16
44 36 14
44 21 7
44 22 15
44 14 2
13 45 9
13 29 20
13 41 7
13 42 5
13 33 12
13 28 9
