50
448
23 36 17
23 4 2
23 10 7
23 21 2
23 7 9
23 44 2
23 43 13
23 2 14
23 37 17
23 34 20
23 26 7
23 33 12
23 38 18
23 6 17
35 34 19
35 30 17
35 0 10
35 20 4
35 45 8
35 24 19
35 9 8
35 40 3
22 2 14
22 14 9
22 27 8
22 15 12
22 6 9
22 21 19
22 1 7
22 7 8
22 24 12
22 44 8
12 20 1
12 41 15
12 28 14
12 49 3
18 34 9
18 6 11
18 21 11
18 39 20
18 31 19
18 22 13
18 49 5
18 36 4
18 26 14
18 32 7
18 40 18
18 43 2
18 29 15
18 15 19
36 25 17
36 44 15
36 20 14
36 11 11
49 4 10
49 20 3
49 14 14
49 7 2
49 21 19
49 22 13
49 3 2
49 36 6
49 29 12
49 2 4
34 27 13
34 13 11
34 9 9
34 3 10
34 38 2
34 37 14
34 12 14
34 8 8
34 39 13
34 10 19
34 46 1
34 41 18
34 15 5
20 0 12
20 6 1
20 19 12
20 10 4
20 44 17
20 26 18
39 27 7
39 15 17
39 29 4
39 36 12
39 24 16
39 10 19
39 12 13
39 31 17
39 9 16
39 13 20
39 2 20
39 38 5
11 0 8
11 18 14
11 46 4
11 12 14
11 43 9
11 35 14
11 13 9
16 21 2
16 26 7
16 30 7
16 19 18
27 47 4
27 7 18
27 18 8
27 4 13
27 26 6
27 46 13
27 42 5
27 38 11
27 32 18
26 5 12
26 33 6
26 15 14
26 2 3
17 24 14
17 33 8
17 26 15
17 28 18
17 0 6
17 29 2
17 18 4
17 31 2
43 44 11
43 13 8
43 29 12
43 0 14
43 41 2
43 26 13
43 35 18
43 34 16
43 42 3
43 48 14
43 32 16
43 3 3
1 36 18
1 40 12
1 33 10
1 10 16
1 46 18
1 30 2
1 28 10
1 45 16
1 9 4
1 4 19
1 35 14
7 40 11
7 24 5
7 11 10
7 0 16
7 18 6
7 32 8
7 34 6
7 5 12
7 26 8
7 17 8
7 10 5
7 9 18
41 35 10
41 22 4
41 16 16
41 15 15
41 26 6
41 17 14
41 7 11
41 25 16
41 38 3
41 18 15
41 48 14
41 24 17
41 11 10
10 4 16
10 30 19
10 19 17
10 12 18
10 28 17
10 13 5
10 15 10
10 37 8
10 17 19
10 46 13
10 40 8
33 5 17
33 32 17
33 49 16
33 28 17
33 42 7
33 11 15
33 12 15
33 6 5
8 0 18
8 31 7
8 43 20
8 2 16
8 3 6
8 29 16
8 12 6
8 44 13
8 17 13
8 32 16
44 28 17
44 48 14
44 14 9
44 25 5
44 30 16
44 21 1
44 41 12
44 34 1
44 37 16
37 9 10
37 3 2
37 18 11
37 16 8
37 29 7
37 43 17
37 49 15
37 24 1
37 21 10
3 13 18
3 0 14
3 29 4
3 9 12
3 42 4
3 35 3
42 10 3
42 44 14
42 21 10
42 35 8
42 18 10
42 40 11
42 0 12
42 7 2
0 45 16
0 24 14
0 2 20
0 15 3
0 49 5
0 21 3
0 19 18
0 6 18
0 34 10
0 32 4
0 10 17
13 26 2
13 32 15
13 29 13
13 18 17
45 24 20
45 26 14
45 46 15
45 32 6
30 26 5
30 4 4
30 13 18
30 18 6
30 38 18
30 40 5
24 3 14
24 12 2
24 38 15
24 27 6
24 21 8
24 42 8
24 10 15
29 20 18
29 6 4
29 0 11
29 2 1
29 25 9
29 12 10
29 15 3
25 5 9
25 24 2
25 42 16
25 37 16
25 19 10
25 27 6
25 45 1
25 39 7
25 32 10
25 12 3
25 35 11
25 49 15
25 48 9
25 8 16
6 1 14
6 11 10
6 40 16
6 48 10
6 43 14
6 31 14
6 16 16
6 46 5
40 41 11
40 22 1
40 12 5
40 39 4
40 37 3
40 8 15
40 48 15
40 21 2
40 49 18
40 27 6
40 28 10
40 5 3
5 43 1
5 49 6
5 42 15
5 47 13
5 19 16
5 4 8
5 17 19
5 35 12
5 24 19
5 15 4
38 8 18
38 1 12
38 35 14
38 17 1
38 42 15
38 3 5
38 18 1
9 26 13
9 43 18
9 2 10
9 25 9
9 42 9
9 40 16
9 11 10
9 14 3
9 32 18
9 16 13
9 30 14
9 28 3
9 24 4
9 44 1
15 45 18
15 27 5
15 32 4
15 24 10
15 30 13
15 42 11
15 11 17
15 8 2
15 6 14
15 14 3
4 20 5
4 31 14
4 17 15
4 26 2
4 8 13
4 7 15
4 9 9
4 6 7
4 3 10
4 47 12
4 22 8
4 37 16
4 32 2
4 34 2
48 34 14
48 19 8
48 0 8
48 5 11
48 12 19
48 14 1
48 24 4
48 31 3
48 2 15
47 38 3
47 37 13
47 34 5
47 46 2
47 17 8
47 6 10
47 8 2
47 3 4
47 11 12
47 9 3
47 44 13
19 11 7
19 36 17
19 30 19
19 46 3
19 7 15
19 29 6
19 34 6
19 21 14
19 24 2
19 2 18
19 40 20
19 38 13
46 43 19
46 39 18
46 22 1
46 26 12
46 20 3
46 15 9
46 38 8
46 13 11
46 49 16
46 31 17
46 40 13
21 46 20
21 15 3
21 35 7
21 30 11
21 27 15
21 43 3
31 45 12
31 21 9
31 20 7
31 35 19
31 49 4
31 42 12
31 28 3
31 29 20
31 12 18
31 32 14
31 14 17
31 27 2
31 11 15
31 34 2
28 6 12
28 8 15
28 15 19
28 45 10
28 5 12
28 48 8
28 21 15
14 28 18
14 43 17
14 13 1
14 6 7
14 34 9
14 1 11
14 4 17
32 47 2
32 30 13
32 12 6
32 39 13
32 41 17
32 38 12
32 6 3
