50
458
36 42 15
36 13 3
36 43 15
36 31 8
36 16 7
36 41 5
36 4 16
36 15 16
36 14 18
23 9 6
23 14 12
23 12 9
23 25 10
23 8 6
23 28 4
23 48 2
23 49 19
23 31 7
23 32 8
23 10 8
23 3 14
4 26 19
4 15 16
4 48 15
4 46 15
4 39 13
4 18 11
4 8 6
4 40 4
4 0 7
4 42 17
4 24 8
31 47 10
31 8 1
31 14 14
31 6 9
31 17 10
31 28 2
31 0 19
31 48 19
31 49 6
31 46 9
31 5 2
31 25 9
31 3 17
12 43 16
12 30 16
12 47 15
12 37 7
12 2 17
12 41 7
12 44 12
12 27 6
12 5 14
12 0 9
1 18 11
1 25 16
1 38 5
1 33 12
1 12 16
9 39 2
9 17 9
9 1 13
9 32 19
9 27 10
9 5 18
9 43 19
9 0 15
30 5 2
30 16 11
30 0 7
30 37 1
30 40 7
8 46 3
8 30 8
8 39 5
8 25 1
8 1 11
8 15 8
8 5 15
8 21 12
27 6 18
27 22 18
27 7 14
27 46 13
27 28 19
27 44 3
27 26 7
27 47 19
43 48 6
43 38 15
43 15 8
43 39 3
43 46 6
43 40 15
43 32 4
43 29 14
43 33 3
43 14 10
43 16 8
43 24 14
43 44 9
11 47 7
11 43 14
11 48 2
11 14 3
11 19 4
11 37 15
11 44 6
11 21 18
11 30 15
11 9 5
40 42 7
40 33 3
40 48 7
40 47 11
40 20 6
40 49 15
16 46 3
16 17 9
16 23 8
16 48 1
16 0 15
3 8 2
3 11 14
3 34 8
3 2 6
3 28 2
3 21 9
3 10 10
3 4 2
3 0 12
10 31 18
10 16 6
10 39 4
10 7 6
10 19 11
10 21 15
10 45 6
18 30 1
18 33 13
18 32 1
18 28 11
18 2 19
18 42 6
18 8 12
18 9 13
18 39 13
18 7 6
35 28 19
35 10 10
35 20 14
35 43 8
35 32 8
35 29 2
35 39 4
35 26 19
35 37 7
35 18 14
35 46 8
35 7 9
35 27 6
21 6 3
21 48 18
21 9 20
21 14 4
21 47 14
21 7 19
21 20 7
21 31 4
21 27 10
26 30 9
26 39 3
26 8 10
26 2 3
34 27 19
34 2 6
34 1 10
34 40 3
34 10 12
34 20 11
34 48 8
34 14 6
34 44 15
13 27 14
13 45 2
13 10 8
13 16 5
13 43 15
13 14 11
13 46 17
13 18 4
13 34 7
13 6 2
37 17 5
37 29 5
37 24 17
37 47 2
37 14 8
37 32 15
37 3 13
37 26 15
37 15 6
37 4 16
37 9 11
37 1 4
37 46 11
33 9 2
33 6 12
33 14 5
33 5 14
33 23 16
42 14 7
42 49 8
42 9 12
42 23 10
42 8 8
42 44 15
42 2 14
42 11 14
42 35 5
42 46 5
42 33 4
48 14 7
48 30 20
48 2 15
48 6 12
49 3 1
49 30 7
49 39 10
49 10 13
49 34 4
49 43 12
49 19 6
49 26 9
49 22 11
49 14 19
49 28 9
32 49 7
32 30 8
32 42 15
32 15 4
32 6 7
32 29 10
32 40 7
32 4 17
32 39 7
32 31 1
32 21 4
32 48 19
32 11 4
32 10 18
7 34 13
7 13 6
7 16 9
7 49 12
0 20 9
0 32 6
0 21 12
0 43 20
0 39 4
0 22 1
45 12 8
45 32 13
45 23 11
45 40 5
45 18 17
45 15 19
45 43 12
45 30 10
45 27 4
45 46 14
45 48 6
45 3 5
45 28 12
24 3 11
24 23 2
24 21 5
24 17 5
24 34 4
24 1 3
24 9 20
24 16 3
24 15 8
17 40 14
17 41 17
17 44 15
17 15 7
17 21 9
17 7 10
17 27 2
17 45 16
17 19 2
17 28 16
28 11 10
28 33 3
28 34 12
28 25 11
28 10 17
28 44 9
38 44 7
38 5 8
38 13 2
38 27 14
38 34 18
38 9 14
38 45 15
38 8 8
38 31 2
38 48 7
38 28 13
38 20 13
22 9 8
22 12 10
22 11 6
22 2 16
22 44 11
22 42 16
22 19 5
15 23 6
15 26 19
15 7 7
15 41 16
15 0 11
15 49 4
15 31 17
15 35 14
15 39 8
15 27 13
15 21 17
15 6 4
15 16 5
15 29 12
46 25 20
46 40 6
46 48 17
46 26 17
46 15 6
46 14 10
46 28 19
46 3 10
46 20 15
46 44 10
46 10 11
46 6 19
29 33 16
29 13 11
29 25 5
29 0 5
29 16 5
41 21 4
41 29 3
41 0 11
41 14 13
41 44 9
41 26 18
41 40 9
41 38 14
41 37 4
41 34 4
44 1 16
44 6 3
44 37 18
44 39 18
44 30 11
44 8 18
44 13 10
44 10 16
44 40 11
44 7 7
44 23 3
44 32 4
39 48 20
39 33 9
39 25 15
39 41 4
39 27 10
39 37 16
39 19 11
39 40 6
39 22 19
39 16 6
39 29 17
39 46 5
39 2 3
14 27 7
14 26 18
14 25 17
14 35 1
14 22 11
14 9 9
14 24 5
14 18 7
14 20 15
14 17 11
14 12 19
14 7 9
14 0 15
47 44 12
47 38 15
47 30 12
47 42 4
47 2 11
47 41 11
47 26 14
47 28 14
47 4 13
47 48 13
47 16 16
25 45 6
25 4 1
25 41 10
25 34 10
25 42 20
25 35 2
25 10 6
25 22 4
25 44 13
25 12 20
5 29 17
5 18 17
5 42 7
5 22 16
5 46 5
5 43 8
5 20 8
5 24 15
5 0 7
5 19 14
6 49 13
6 12 8
6 22 13
6 47 4
6 24 17
6 35 19
6 45 13
6 16 7
6 29 2
19 9 9
19 47 6
19 46 12
19 26 12
19 43 19
19 14 4
19 44 18
19 27 17
19 0 19
19 32 15
19 20 11
19 6 17
19 2 1
2 38 7
2 21 15
2 37 17
2 5 15
2 14 4
2 7 16
2 28 5
