50
439
20 7 12
20 8 15
20 18 16
20 16 3
20 46 2
20 24 8
20 40 7
14 6 8
14 0 8
14 48 15
14 8 19
14 35 6
14 42 3
29 33 12
29 26 5
29 47 18
29 22 14
29 34 2
29 49 3
29 3 11
29 44 9
29 42 6
29 38 3
29 10 13
34 18 11
34 41 7
34 14 17
34 5 10
34 4 14
34 37 12
34 15 17
3 15 3
3 25 17
3 8 20
3 21 2
3 10 19
43 25 11
43 26 8
43 32 10
43 36 17
43 30 8
43 11 8
43 31 8
43 46 8
43 41 9
43 9 14
37 47 3
37 39 20
37 22 13
37 31 16
37 43 19
37 26 1
37 42 1
37 7 14
37 12 13
37 18 10
37 10 9
37 5 9
37 46 13
37 21 5
41 10 9
41 14 16
41 33 14
41 8 11
41 38 10
41 18 8
41 27 5
41 7 18
13 36 5
13 40 18
13 21 10
13 18 9
13 5 7
13 3 17
13 6 13
13 24 7
13 4 11
13 22 3
13 23 12
13 26 4
30 6 8
30 11 6
30 26 11
30 45 20
30 34 15
30 14 4
30 10 2
30 19 12
30 9 6
30 3 4
30 37 9
30 35 8
35 31 11
35 32 17
35 39 2
35 49 5
35 0 16
12 21 18
12 27 6
12 40 4
12 13 15
12 0 7
12 14 14
25 47 2
25 13 17
25 26 10
25 49 16
25 5 12
25 32 4
25 41 7
25 8 7
25 22 17
25 15 7
25 28 8
25 23 7
42 7 20
42 23 9
42 34 16
42 33 6
42 32 12
42 21 17
42 27 15
42 15 15
42 18 10
42 36 12
6 5 9
6 49 3
6 22 9
6 16 4
6 37 3
6 28 11
6 31 11
6 9 15
6 0 5
6 41 17
6 1 16
6 8 12
6 48 17
6 39 17
16 41 15
16 40 11
16 1 13
16 12 8
16 46 10
16 42 2
16 22 12
16 47 7
16 2 7
16 14 6
16 3 13
16 31 6
16 7 16
7 10 11
7 11 16
7 24 15
7 27 1
7 28 3
7 4 8
7 26 8
46 13 5
46 21 4
46 22 14
46 31 14
46 4 15
46 42 12
46 30 16
46 12 18
46 48 11
46 6 2
46 19 6
21 31 16
21 26 11
21 48 6
21 24 6
21 9 10
21 14 2
21 39 4
45 10 18
45 32 8
45 27 20
45 8 8
45 4 2
28 35 10
28 0 2
28 38 5
28 43 14
28 27 2
28 33 19
4 36 10
4 38 7
4 49 3
4 42 2
4 23 15
4 10 12
4 41 2
4 48 5
4 11 5
4 32 12
4 12 16
4 18 3
39 42 4
39 15 15
39 11 14
39 34 16
39 31 5
39 7 11
39 4 15
39 12 10
39 45 17
39 9 2
39 8 3
39 46 8
39 47 8
33 3 11
33 35 10
33 39 16
33 46 5
33 30 20
33 1 6
33 2 13
33 23 3
33 34 18
33 12 16
33 24 3
33 5 2
33 25 8
10 36 1
10 40 14
10 27 16
10 15 17
10 1 14
10 17 16
10 35 18
10 9 17
10 33 14
10 46 18
10 34 19
10 8 2
10 28 9
10 23 19
32 6 2
32 27 16
32 19 3
32 16 5
32 46 18
32 8 19
17 14 18
17 18 4
17 41 7
17 2 19
17 0 14
17 36 14
38 18 17
38 13 11
38 12 14
38 42 8
38 30 7
38 14 4
8 9 15
8 22 18
8 21 19
8 30 16
8 48 5
15 38 11
15 27 18
15 14 1
15 7 3
15 23 3
15 21 17
15 6 6
15 9 19
15 40 14
47 15 16
47 40 8
47 28 14
47 41 8
47 11 7
47 21 7
47 8 16
47 42 6
47 6 10
47 27 2
47 49 16
47 36 12
47 17 16
0 13 16
0 36 19
0 2 17
0 25 14
0 41 14
0 22 4
0 4 8
0 38 8
0 15 20
0 49 17
0 1 12
0 44 10
49 8 13
49 21 16
49 2 17
49 28 15
49 23 19
49 26 16
49 9 12
49 5 17
23 6 11
23 3 15
23 36 8
23 26 8
23 14 6
23 46 19
23 38 2
23 9 6
2 31 14
2 10 17
2 34 2
2 13 7
2 23 10
44 16 7
44 38 7
44 43 17
44 26 8
44 3 13
44 2 3
44 19 2
40 3 18
40 29 5
40 2 15
40 44 17
40 6 7
40 32 6
40 1 4
40 36 7
24 5 2
24 14 2
24 19 8
24 31 16
24 41 17
24 17 6
24 16 10
24 22 6
24 9 10
24 37 11
24 4 13
24 30 6
22 44 2
22 23 12
22 27 8
22 7 12
22 39 4
22 19 19
22 17 15
22 31 8
26 14 8
26 4 18
26 46 6
26 0 19
26 31 3
26 15 17
27 48 3
27 17 16
27 26 4
27 38 11
27 37 12
27 34 6
27 49 10
27 36 16
27 31 17
27 29 9
27 33 8
36 2 5
36 31 19
36 39 4
36 12 12
36 15 12
36 44 9
36 18 12
5 26 12
5 29 15
5 21 3
5 30 18
5 31 19
5 12 19
5 27 16
19 14 2
19 17 17
19 13 8
19 6 4
19 8 18
19 23 10
19 25 2
19 11 2
19 12 2
19 26 7
19 48 16
19 41 12
19 5 11
19 38 10
1 13 17
1 32 16
1 43 2
1 5 6
1 17 9
1 27 18
1 44 16
1 26 7
1 28 6
1 39 5
1 15 15
1 38 16
9 36 4
9 48 18
9 32 20
9 28 6
9 7 4
9 2 15
9 35 17
9 29 15
18 49 5
18 48 15
18 35 5
18 11 19
11 23 4
11 34 3
11 29 3
11 37 17
11 16 3
11 36 6
11 10 3
11 31 17
11 12 17
31 12 4
31 13 12
31 14 2
31 23 13
31 4 7
31 8 9
31 17 6
31 47 6
