50
432
2 12 10
2 25 7
2 15 13
2 26 15
2 1 2
2 47 17
2 27 16
2 20 11
2 49 19
2 13 1
2 3 1
2 0 19
2 31 12
46 30 11
46 19 14
46 12 5
46 15 6
46 27 5
46 5 4
9 26 5
9 20 9
9 14 6
9 31 16
9 8 9
9 6 12
9 39 1
38 30 4
38 49 2
38 23 7
38 6 4
38 5 20
38 43 15
38 31 17
38 21 1
38 3 8
38 4 8
38 28 6
38 9 9
41 8 2
41 27 19
41 4 16
41 7 11
41 33 7
41 46 10
41 16 14
41 35 6
41 49 8
34 48 16
34 46 12
34 27 5
34 40 19
34 43 7
34 9 8
34 14 14
34 13 9
25 17 13
25 10 13
25 11 19
25 23 15
23 3 14
23 8 12
23 37 4
23 42 5
23 24 12
23 11 12
23 46 2
23 13 11
23 28 8
10 29 20
10 31 5
10 48 16
10 49 11
19 5 10
19 20 9
19 37 16
19 12 16
19 48 3
19 32 15
19 9 4
19 29 8
19 21 10
43 17 17
43 48 5
43 44 15
43 13 2
43 49 8
43 1 12
43 29 4
43 7 15
43 6 14
29 6 19
29 49 14
29 31 15
29 9 8
29 26 15
29 21 4
29 38 12
28 3 2
28 29 16
28 6 9
28 47 2
28 42 11
28 45 9
28 25 17
28 31 4
28 49 4
28 30 18
28 19 17
39 18 9
39 5 14
39 10 7
39 40 4
39 37 10
39 24 5
39 22 12
39 48 9
39 25 18
39 30 11
39 11 4
39 4 12
39 26 14
39 46 2
1 46 3
1 30 18
1 38 2
1 33 18
1 41 18
1 42 17
27 15 8
27 1 5
27 0 19
27 17 14
16 11 17
16 21 12
16 34 11
16 38 2
16 37 9
16 24 5
16 14 7
16 43 3
16 35 15
49 37 1
49 15 3
49 12 2
49 7 7
49 4 2
49 14 19
5 36 16
5 24 13
5 12 11
5 23 13
5 42 7
5 49 7
5 27 15
3 11 2
3 43 10
3 9 12
3 30 8
3 40 2
3 6 19
3 34 15
3 46 13
3 20 15
3 45 1
3 18 11
3 47 18
3 8 4
40 9 13
40 11 6
40 17 19
40 36 8
21 40 6
21 25 13
21 22 11
21 28 8
21 15 1
21 46 19
21 37 15
21 32 11
21 31 15
33 25 7
33 28 9
33 15 3
33 32 8
33 19 14
33 20 16
33 35 14
44 6 13
44 41 14
44 49 9
44 27 7
44 12 10
47 46 15
47 36 3
47 38 2
47 23 2
47 29 15
47 12 6
47 17 5
47 48 12
47 14 6
47 32 17
6 24 18
6 39 8
6 48 7
6 37 7
6 22 17
6 4 13
6 8 2
6 45 4
6 12 15
6 18 10
6 5 11
6 41 19
4 13 12
4 45 4
4 24 8
4 10 18
4 11 14
4 20 2
4 36 6
4 43 6
4 21 18
4 46 8
4 29 5
4 40 13
4 14 19
12 24 4
12 31 17
12 18 14
12 37 11
12 14 17
12 20 17
12 32 18
12 16 17
12 17 2
12 38 14
12 34 13
12 35 13
12 9 17
12 1 5
37 26 14
37 40 19
37 43 16
37 41 13
37 30 11
37 38 15
37 20 13
18 19 19
18 49 2
18 45 6
18 33 17
18 11 3
18 40 19
18 15 20
18 25 8
18 5 1
18 23 15
18 4 19
18 9 9
18 46 14
8 24 16
8 15 7
8 49 20
8 19 19
8 17 16
8 14 5
8 36 7
8 22 14
8 7 3
11 29 9
11 9 11
11 44 10
11 41 18
11 47 2
11 0 12
45 1 12
45 34 5
45 33 7
45 19 7
45 32 11
45 12 6
22 44 18
22 33 19
22 43 11
22 34 19
22 36 19
22 19 15
22 15 2
22 12 6
22 17 17
22 48 15
22 41 2
31 3 14
31 46 9
31 7 5
31 15 14
31 30 7
31 37 4
31 43 14
31 32 8
31 24 7
31 18 6
31 6 4
31 36 19
31 19 3
31 8 18
24 20 18
24 14 17
24 27 16
24 28 6
24 26 10
36 19 20
36 7 9
36 9 1
36 6 16
36 1 1
36 28 19
36 10 12
36 16 6
36 21 19
36 12 14
36 30 14
7 18 13
7 38 2
7 9 16
7 21 17
7 4 13
7 6 3
17 38 11
17 41 19
17 0 14
17 24 16
17 46 2
17 13 3
17 11 12
17 31 4
17 34 5
17 23 10
17 5 11
17 37 17
17 6 18
20 36 19
20 23 8
20 32 4
20 1 13
20 26 12
20 39 11
20 41 6
35 42 19
35 10 2
35 46 8
35 21 9
35 34 8
15 1 18
15 14 18
15 4 9
15 9 8
15 43 14
15 44 7
15 7 2
15 35 8
30 45 5
30 8 15
30 24 18
30 19 19
30 10 3
30 17 19
30 25 19
30 15 11
30 41 8
30 44 2
30 23 10
32 4 9
32 37 16
32 17 16
32 39 12
32 5 7
32 34 16
32 14 15
32 8 18
32 22 17
32 6 16
32 49 17
32 48 2
32 23 3
13 38 8
13 36 15
13 5 8
13 22 18
13 15 8
0 14 2
0 24 5
0 6 7
0 16 10
0 19 19
0 26 8
0 44 7
0 9 17
26 18 13
26 23 3
26 6 17
26 44 19
26 47 11
26 34 8
26 3 19
26 49 1
26 36 14
26 12 2
42 16 6
42 8 1
42 44 2
42 20 18
42 14 3
42 22 18
42 48 16
42 24 4
42 0 10
42 36 7
14 25 5
14 36 7
14 20 14
14 21 9
14 27 19
14 22 10
14 33 18
14 29 14
14 31 1
14 19 10
14 5 17
14 46 8
14 41 15
