50
443
49 45 5
49 8 9
49 35 11
49 15 6
49 19 2
49 29 18
24 41 14
24 40 17
24 22 7
24 47 17
24 31 12
24 3 17
24 23 5
34 7 1
34 38 13
34 15 5
34 22 20
34 30 14
34 29 7
34 36 4
34 41 11
34 40 15
34 9 9
34 47 10
34 19 10
34 21 16
13 6 10
13 12 19
13 10 13
13 9 4
13 40 6
13 17 15
13 1 10
13 27 19
13 23 13
13 2 5
13 46 2
41 5 5
41 30 8
41 23 18
41 45 12
41 10 9
6 39 8
6 27 9
6 16 13
6 14 14
6 19 16
6 30 19
6 35 12
9 1 6
9 12 4
9 47 7
9 33 16
9 7 5
9 20 11
9 24 5
9 38 7
9 10 11
9 48 18
9 46 16
11 28 15
11 33 14
11 2 3
11 7 10
11 43 15
11 48 2
25 35 4
25 41 7
25 43 11
25 4 16
25 0 5
25 1 6
25 45 17
25 15 11
25 36 18
10 25 16
10 23 10
10 36 4
10 12 7
10 0 2
0 27 19
0 18 10
0 34 10
0 5 18
0 39 3
0 23 19
0 28 11
0 7 16
0 16 4
0 2 6
0 29 2
0 31 6
21 11 20
21 6 19
21 7 4
21 48 9
21 28 12
21 8 20
21 41 10
43 27 17
43 23 4
43 28 5
43 3 20
43 42 20
43 37 9
43 40 18
43 7 16
43 45 19
43 8 17
43 35 11
43 20 18
5 19 6
5 13 2
5 14 14
5 10 9
5 33 20
5 25 14
5 24 13
5 11 5
5 21 10
5 48 8
5 3 17
5 27 12
5 40 8
1 6 6
1 26 20
1 2 11
1 40 3
1 48 16
1 3 3
1 22 16
1 46 11
1 36 5
1 33 15
1 16 8
1 11 1
31 45 3
31 2 7
31 36 10
31 43 13
31 28 10
31 11 4
31 21 13
31 47 16
31 1 3
46 24 14
46 8 18
46 10 3
46 11 10
46 37 16
46 6 18
46 34 20
45 4 7
45 38 9
45 37 12
45 28 17
45 12 19
45 47 7
20 26 9
20 44 4
20 37 1
20 0 14
20 48 4
20 2 10
20 13 18
20 11 15
20 39 18
20 35 8
20 18 16
20 23 10
20 10 11
20 46 19
7 32 5
7 6 1
7 23 7
7 14 1
7 10 14
7 8 5
7 44 14
7 3 6
4 13 11
4 14 12
4 39 12
4 1 17
4 9 15
4 27 5
4 23 13
23 5 13
23 6 10
23 28 17
23 35 2
23 11 6
23 29 16
23 44 10
23 15 6
23 18 9
23 16 12
23 12 13
30 44 14
30 36 12
30 3 19
30 22 15
30 35 17
30 25 3
30 40 16
30 12 8
28 34 14
28 22 17
28 9 1
28 15 3
28 27 13
28 44 18
28 41 18
28 40 6
28 14 10
28 37 5
28 2 9
48 8 8
48 46 6
48 18 4
48 23 18
48 7 16
48 28 17
48 35 14
48 25 18
48 34 6
48 16 6
44 40 19
44 46 19
44 32 18
44 41 6
44 19 3
44 45 15
44 14 9
44 2 18
44 42 17
44 27 4
29 4 11
29 46 3
29 40 5
29 11 10
29 13 9
29 42 20
29 36 2
29 39 6
29 5 7
29 19 17
29 24 15
29 9 8
40 6 5
40 36 5
40 15 15
40 11 18
40 41 15
40 46 10
40 10 13
40 16 13
40 31 6
40 7 10
40 9 4
15 2 10
15 7 10
15 31 15
15 26 6
15 38 2
15 16 17
15 6 18
15 12 7
15 22 5
2 21 17
2 46 14
2 17 13
2 36 11
27 37 15
27 2 19
27 20 3
27 7 17
27 32 14
27 1 5
27 47 17
27 33 14
35 46 15
35 15 6
35 21 6
35 9 12
35 28 15
35 33 4
35 41 2
35 39 18
35 14 3
35 27 11
37 30 13
37 0 10
37 18 17
37 38 7
37 26 11
37 33 3
37 48 20
37 5 9
37 10 4
37 17 3
37 1 8
47 14 15
47 28 10
47 38 14
47 29 19
47 1 2
47 3 20
18 24 10
18 41 16
18 28 11
18 13 3
18 45 10
18 44 11
18 25 12
39 37 8
39 34 17
39 31 12
39 14 19
39 10 1
39 38 19
39 47 14
39 19 16
39 43 14
39 40 3
39 42 6
39 9 20
3 17 13
3 20 9
3 33 2
3 13 5
3 11 7
17 31 13
17 11 3
17 48 17
17 30 8
17 23 2
17 19 18
17 24 16
17 40 6
17 33 17
17 39 18
17 8 15
36 18 18
36 3 5
36 0 15
36 46 9
36 13 13
36 37 7
36 47 20
38 27 9
38 22 16
38 11 16
38 19 10
19 22 19
19 25 6
19 36 14
19 40 9
19 10 8
19 24 11
19 26 11
19 45 14
19 8 7
22 11 9
22 46 17
22 17 12
22 3 10
22 6 9
22 31 3
22 32 7
22 10 2
22 16 14
22 43 11
32 33 7
32 25 13
32 14 8
32 29 18
32 18 14
32 16 13
32 17 7
32 47 11
32 24 9
32 13 16
32 43 12
42 37 5
42 35 19
42 46 11
42 17 14
42 40 15
42 1 3
42 48 6
42 45 16
42 4 9
42 11 16
42 47 8
42 28 12
8 3 19
8 13 5
8 37 19
8 6 15
8 4 7
8 44 13
8 24 12
8 25 5
8 40 5
8 47 19
8 11 10
12 41 10
12 31 18
12 2 6
12 0 4
12 28 5
12 14 13
12 48 16
12 19 7
12 39 1
12 46 11
12 18 4
12 27 19
12 6 8
16 30 5
16 13 6
16 47 3
16 12 10
26 30 12
26 41 7
26 32 2
26 46 2
26 43 1
26 31 5
26 24 19
26 4 19
26 14 18
26 27 17
33 2 18
33 42 16
33 45 3
33 43 7
33 24 11
33 21 10
33 7 18
33 26 10
33 41 14
