50
387
21 22
21 25
9 42
9 10
9 49
9 16
9 35
9 24
9 15
9 33
9 39
9 23
9 44
18 46
18 42
18 30
18 44
18 43
18 35
18 21
44 48
35 39
35 48
35 37
35 41
35 38
35 47
10 27
10 46
10 26
10 13
10 34
10 17
10 12
10 49
10 15
10 20
10 44
10 21
20 45
20 39
20 24
20 28
20 37
20 22
20 47
46 47
22 30
22 36
22 28
22 39
22 49
22 47
13 29
13 26
13 37
13 41
13 45
13 34
13 27
13 42
13 46
13 47
13 35
6 7
6 31
6 34
6 22
6 10
6 44
6 9
6 21
42 43
42 45
42 48
42 46
34 43
34 36
34 49
34 45
34 42
16 25
16 26
16 23
16 19
16 27
16 48
16 41
16 42
12 33
12 17
12 30
12 27
12 23
12 43
12 28
12 45
12 46
12 20
12 18
36 43
36 38
36 41
36 45
36 42
36 44
1 17
1 28
1 5
1 8
1 33
1 12
1 6
1 44
1 21
19 23
19 49
19 43
19 24
19 29
19 36
19 34
19 42
19 47
19 21
33 40
29 48
29 38
29 32
29 37
29 43
29 34
29 44
31 43
31 37
31 38
31 48
31 40
31 33
31 36
31 45
43 48
43 47
25 48
25 39
25 31
25 36
25 45
37 38
37 49
37 48
37 43
37 45
39 48
39 40
39 49
39 43
39 44
0 32
0 40
0 4
0 11
0 48
0 5
0 7
0 24
0 3
0 28
0 37
0 25
0 45
0 47
0 35
32 38
32 48
32 39
32 37
32 45
32 46
32 44
28 40
28 32
28 37
28 29
28 33
28 41
28 47
28 35
17 30
17 49
17 40
17 38
17 23
17 48
17 28
17 32
17 31
17 19
17 34
17 47
40 48
40 49
40 41
40 45
4 27
4 30
4 14
4 11
4 17
4 43
4 31
4 19
4 6
4 10
3 7
3 27
3 48
3 38
3 49
3 24
3 5
3 40
3 17
3 28
3 32
3 22
3 46
11 14
11 15
11 28
11 25
11 41
11 13
11 22
11 20
11 35
11 21
5 24
5 23
5 15
5 49
5 27
5 8
5 38
5 40
5 17
5 32
5 39
5 25
5 43
5 19
5 45
5 34
5 22
5 18
5 9
5 21
15 23
15 30
15 24
15 40
15 43
15 41
15 45
15 16
15 22
15 35
38 48
38 49
38 39
38 44
14 49
14 23
14 26
14 24
14 38
14 15
14 40
14 28
14 32
14 39
14 37
14 43
14 31
14 29
14 33
14 19
14 36
14 16
14 34
14 18
2 30
2 24
2 27
2 23
2 26
2 7
2 8
2 49
2 14
2 38
2 15
2 5
2 4
2 17
2 32
2 37
2 25
2 29
2 33
2 45
2 34
2 22
2 20
2 47
2 10
26 30
26 27
26 49
26 40
26 28
26 29
26 42
26 44
8 24
8 23
8 27
8 48
8 26
8 15
8 11
8 40
8 32
8 37
8 25
8 43
8 45
8 13
8 46
8 47
8 35
8 44
7 48
7 27
7 23
7 24
7 26
7 14
7 15
7 11
7 17
7 36
7 22
7 35
7 44
48 49
24 27
24 30
24 48
24 26
24 49
24 38
24 28
24 32
24 25
24 34
27 30
27 48
27 38
27 39
27 43
27 34
27 47
23 30
23 27
23 24
23 26
23 38
23 28
23 32
23 25
23 43
23 45
30 48
30 38
30 31
30 47
