50
382
37 47
37 45
28 46
28 48
28 36
9 42
9 41
9 38
9 48
9 22
9 20
9 11
9 37
10 38
10 41
10 20
10 45
10 33
10 40
10 30
10 28
11 47
11 42
11 29
11 17
11 15
11 43
11 44
11 24
11 14
11 48
30 44
30 36
30 46
30 37
27 35
27 43
27 48
27 30
18 31
18 21
18 24
18 47
18 33
18 27
18 48
18 30
4 7
4 19
4 49
4 14
4 47
4 34
4 21
4 29
4 27
4 48
4 11
5 12
5 34
5 22
5 35
5 24
5 15
5 49
5 31
5 39
5 18
5 27
5 11
5 37
29 42
29 40
29 39
29 43
29 37
39 40
39 49
6 45
6 41
6 16
6 26
6 44
6 8
6 21
6 20
6 36
6 29
6 18
6 27
6 30
6 11
6 37
20 22
20 31
20 47
20 39
20 29
36 49
36 42
36 48
14 40
14 45
14 17
14 24
14 16
14 44
14 42
14 32
14 47
14 36
24 33
24 26
24 25
24 40
24 43
24 47
24 36
24 29
32 43
32 40
32 41
32 38
19 21
19 45
19 44
19 25
19 24
19 36
7 38
7 22
7 35
7 26
7 12
7 33
7 16
7 40
7 45
7 43
7 17
7 32
7 20
7 29
7 18
8 35
8 33
8 38
8 31
8 45
8 17
8 12
8 43
8 42
8 46
8 19
8 24
8 30
17 44
17 40
17 43
17 42
17 19
17 32
17 24
17 27
17 48
46 49
42 43
26 49
26 38
26 35
26 40
26 42
26 46
26 32
26 47
26 29
25 41
25 38
25 35
25 43
25 26
25 42
25 32
25 36
25 48
25 28
40 41
40 43
40 47
43 45
43 49
43 47
43 48
15 33
15 23
15 45
15 34
15 16
15 21
15 35
15 40
15 20
15 39
15 18
15 48
1 49
1 21
1 23
1 38
1 13
1 35
1 12
1 41
1 43
1 25
1 8
1 24
1 10
35 49
35 45
35 44
35 38
35 40
35 47
35 37
41 44
41 43
41 42
3 21
3 12
3 33
3 34
3 31
3 16
3 35
3 8
3 7
3 47
3 36
3 29
3 4
31 38
31 41
31 35
31 40
31 36
31 37
16 44
16 21
16 33
16 22
16 34
16 41
16 43
16 25
16 42
16 17
16 19
16 30
12 49
12 33
12 21
12 44
12 38
12 22
12 16
12 31
12 35
12 46
12 32
12 20
12 39
12 37
34 49
34 45
34 38
34 43
34 40
34 42
34 36
34 39
22 44
22 45
22 33
22 34
22 31
22 41
22 43
22 46
22 24
22 36
22 39
22 48
23 44
23 33
23 34
23 41
23 40
23 24
23 47
23 37
2 49
2 13
2 45
2 44
2 33
2 38
2 23
2 22
2 34
2 12
2 16
2 25
2 26
2 42
2 19
2 32
2 24
2 47
2 20
2 5
2 48
2 37
0 21
0 49
0 38
0 45
0 44
0 23
0 22
0 12
0 31
0 35
0 40
0 47
0 29
0 18
0 30
38 49
38 41
38 40
38 46
44 45
44 49
44 48
21 33
21 49
21 38
21 23
21 34
21 40
21 26
21 48
33 49
33 45
33 44
33 34
33 40
33 42
33 39
45 49
45 46
45 47
13 45
13 49
13 33
13 21
13 44
13 38
13 23
13 22
13 31
13 41
13 35
13 40
13 25
13 42
13 47
13 48
13 30
13 37
